1
2
4
6
7
8
9
11
12
13
14
14
15
15
16
16
17
17
17
18
18
19
20
21
24
24
24
26
27
29
29
30
31
31
32
33
34
35
36
38
38
39
41
42
42
42
43
44
44
45
46
46
46
46
47
47
48
49
51
51
52
52
52
54
56
62
62
63
64
64
64
64
65
68
69
69
69
71
71
71
72
72
74
74
77
80
80
82
82
82
83
83
86
86
89
89
90
90
90
92
93
93
93
94
96
97
97
98
99
99
100
100
100
101
102
103
104
104
105
107
110
111
112
112
114
116
118
118
118
119
121
121
123
124
124
125
125
125
126
128
128
129
129
130
131
132
134
136
136
136
136
137
138
139
139
140
143
143
143
148
148
149
149
152
155
156
157
158
158
158
161
163
166
166
168
171
171
171
175
177
177
179
179
184
185
185
186
186
188
189
189
190
190
190
190
193
194
194
195
196
199
199
201
202
202
203
207
207
208
208
208
209
210
211
212
215
217
217
217
217
221
221
221
223
226
227
227
228
230
234
234
235
235
236
236
238
240
241
241
242
244
246
247
249
250
251
252
252
252
254
254
255
256
256
258
258
258
260
261
263
264
267
267
268
269
270
270
272
273
273
273
273
273
275
275
275
276
280
283
283
283
284
284
284
286
286
290
291
292
293
296
297
297
297
298
300
303
306
307
307
309
310
311
313
315
315
317
319
319
320
320
321
322
322
322
325
325
327
328
328
328
334
335
335
336
339
341
341
341
344
347
350
351
351
352
352
356
356
357
357
358
359
361
363
366
367
367
367
369
369
369
370
372
373
373
374
374
375
375
375
377
381
382
382
384
385
386
386
389
389
391
391
393
395
397
398
398
398
398
399
400
400
400
401
402
403
406
406
407
407
408
408
409
410
412
413
413
413
414
415
415
415
415
416
416
416
416
416
416
418
418
419
420
420
420
420
422
422
422
422
423
423
423
423
424
426
429
429
430
430
430
432
432
432
436
436
436
436
437
437
438
438
443
443
444
444
446
448
448
448
449
449
449
449
451
452
452
452
452
453
454
454
455
455
455
455
456
457
458
458
459
459
459
460
460
461
461
463
464
464
464
465
465
467
468
469
470
472
476
477
477
481
482
483
484
485
486
486
488
489
490
490
493
494
497
497
499
502
502
502
503
503
503
505
506
506
507
507
508
509
509
509
510
510
511
512
512
515
516
516
516
517
517
518
519
520
521
522
522
523
523
524
524
524
524
525
528
529
530
532
534
534
535
535
536
537
537
537
538
538
538
539
541
542
542
543
544
547
547
549
549
555
556
556
557
557
558
559
559
560
560
564
565
565
565
566
568
568
568
570
571
572
572
572
572
574
575
575
576
576
577
577
577
577
577
578
580
581
581
582
582
583
584
584
585
586
587
591
595
597
597
598
598
598
598
599
599
599
599
600
600
601
602
602
602
603
603
603
604
605
606
607
610
610
611
611
611
612
612
617
617
617
618
618
619
620
621
621
621
623
623
624
626
626
626
627
629
630
630
631
632
632
632
633
635
635
636
637
637
638
640
643
644
645
646
646
647
647
649
650
652
652
653
653
654
654
655
655
656
656
657
657
657
658
660
661
661
662
664
666
667
667
669
669
669
670
670
670
671
671
672
672
672
674
675
676
676
676
677
677
678
679
679
680
680
680
680
680
680
681
682
682
683
683
684
684
686
686
688
689
690
691
693
694
696
697
697
699
700
701
702
702
703
704
705
708
709
711
711
712
714
716
717
719
720
720
721
723
723
726
727
729
729
729
729
731
733
733
735
735
740
741
741
743
745
745
745
746
749
749
750
750
751
751
752
753
754
756
757
758
759
759
759
760
760
760
761
763
763
765
765
765
767
767
768
768
770
772
772
773
776
781
781
785
785
785
786
788
790
792
794
794
795
798
799
801
803
805
805
806
808
809
809
811
812
813
814
815
816
817
817
817
820
820
822
822
822
823
825
826
826
827
828
828
832
834
836
841
841
841
841
842
842
843
844
847
848
849
849
849
850
852
853
856
860
863
864
865
865
867
867
867
868
869
870
871
872
874
875
876
877
878
878
878
879
880
884
885
885
886
886
886
887
888
888
888
889
890
891
891
891
892
894
894
897
897
900
900
900
901
902
903
905
906
908
909
909
909
910
912
912
913
913
913
914
918
919
920
922
922
923
923
925
926
927
927
930
931
931
932
933
934
934
935
937
939
940
940
941
943
943
943
944
946
947
949
953
953
954
954
954
955
955
959
959
959
961
962
962
964
964
966
967
969
970
970
976
977
977
978
979
980
981
983
985
985
986
986
986
988
990
992
992
992
994
998
999
999
999
999
1001
1001
1002
1002
1003
1003
1003
1004
1004
1007
1008
1011
1012
1013
1013
1013
1016
1016
1017
1019
1019
1019
1020
1021
1021
1025
1026
1030
1030
1030
1040
1042
1043
1044
1045
1045
1045
1047
1048
1050
1050
1052
1053
1053
1054
1054
1057
1057
1058
1058
1059
1059
1061
1062
1062
1064
1064
1064
1064
1065
1066
1066
1066
1069
1070
1070
1072
1074
1074
1075
1075
1078
1079
1079
1080
1080
1082
1082
1083
1084
1086
1086
1086
1087
1088
1089
1089
1091
1091
1092
1094
1094
1095
1095
1095
1096
1097
1097
1098
1098
1100
1101
1102
1104
1104
1105
1106
1109
1109
1112
1112
1114
1115
1115
1115
1117
1118
1119
1119
1120
1122
1122
1124
1129
1131
1133
1133
1134
1134
1135
1136
1137
1138
1139
1139
1139
1140
1140
1142
1143
1144
1145
1145
1145
1147
1147
1147
1148
1148
1148
1149
1151
1152
1153
1153
1154
1154
1155
1157
1157
1158
1160
1160
1160
1162
1163
1165
1165
1165
1170
1170
1171
1171
1171
1172
1176
1176
1176
1177
1177
1179
1179
1179
1181
1182
1183
1184
1185
1185
1186
1187
1188
1188
1189
1190
1190
1190
1194
1194
1195
1195
1195
1196
1196
1199
1201
1201
1202
1202
1202
1203
1203
1204
1204
1205
1206
1208
1208
1209
1209
1210
1210
1213
1213
1214
1214
1215
1216
1217
1217
1217
1217
1218
1218
1219
1219
1219
1220
1220
1223
1224
1224
1225
1226
1226
1227
1228
1228
1228
1229
1230
1231
1232
1234
1234
1234
1235
1235
1238
1241
1244
1245
1247
1247
1249
1249
1250
1251
1251
1254
1254
1254
1255
1256
1256
1257
1259
1259
1260
1260
1262
1263
1263
1263
1264
1265
1266
1267
1267
1268
1268
1270
1278
1279
1279
1280
1280
1281
1283
1283
1284
1287
1288
1289
1289
1289
1292
1296
1296
1296
1302
1302
1302
1303
1305
1305
1308
1308
1310
1313
1313
1314
1314
1316
1317
1320
1322
1322
1323
1323
1324
1329
1329
1330
1331
1335
1335
1335
1336
1336
1337
1339
1339
1340
1342
1345
1346
1347
1348
1349
1349
1353
1354
1355
1356
1357
1358
1359
1361
1364
1366
1366
1367
1367
1368
1370
1370
1371
1371
1371
1372
1374
1374
1374
1374
1374
1375
1375
1376
1376
1377
1377
1377
1378
1379
1381
1381
1381
1382
1382
1383
1384
1386
1387
1390
1390
1391
1393
1396
1396
1396
1396
1396
1397
1400
1403
1404
1406
1407
1408
1409
1409
1411
1411
1412
1413
1413
1414
1416
1416
1417
1419
1419
1419
1419
1420
1420
1426
1427
1427
1428
1428
1429
1431
1431
1434
1434
1435
1435
1436
1436
1437
1437
1439
1440
1441
1443
1444
1445
1445
1447
1449
1450
1450
1451
1451
1453
1453
1454
1456
1457
1459
1459
1460
1462
1463
1463
1464
1464
1465
1466
1469
1471
1472
1473
1473
1476
1477
1478
1480
1481
1483
1484
1485
1485
1486
1488
1491
1492
1493
1493
1494
1494
1495
1498
1498
1499
1500
1501
1505
1506
1506
1508
1509
1510
1510
1513
1513
1514
1514
1514
1514
1517
1517
1521
1523
1524
1525
1525
1526
1527
1527
1527
1527
1528
1532
1532
1534
1534
1534
1535
1537
1537
1537
1537
1538
1540
1541
1541
1544
1544
1545
1550
1551
1552
1552
1553
1555
1558
1560
1561
1561
1564
1565
1566
1566
1567
1569
1571
1572
1573
1573
1574
1574
1575
1576
1577
1577
1578
1578
1579
1579
1581
1582
1582
1582
1584
1586
1587
1588
1591
1592
1592
1592
1592
1594
1594
1597
1597
1600
1603
1604
1605
1606
1608
1610
1613
1613
1615
1616
1617
1617
1617
1618
1618
1619
1619
1619
1619
1619
1620
1620
1622
1622
1623
1623
1623
1625
1626
1627
1628
1628
1631
1632
1632
1636
1636
1638
1638
1639
1640
1640
1641
1641
1641
1642
1642
1643
1644
1645
1645
1645
1647
1648
1649
1649
1655
1656
1657
1658
1659
1659
1660
1660
1661
1661
1663
1664
1665
1667
1669
1674
1676
1677
1677
1677
1682
1682
1683
1685
1686
1689
1689
1690
1691
1692
1692
1696
1696
1696
1697
1697
1697
1699
1701
1701
1703
1703
1707
1708
1710
1710
1710
1710
1710
1711
1712
1712
1712
1713
1713
1713
1715
1715
1716
1717
1720
1722
1724
1724
1726
1728
1728
1731
1732
1733
1733
1734
1735
1735
1735
1736
1738
1738
1740
1742
1743
1745
1745
1745
1745
1748
1748
1748
1749
1751
1752
1752
1753
1753
1754
1755
1755
1755
1756
1756
1758
1759
1759
1760
1760
1761
1761
1761
1762
1763
1763
1764
1764
1765
1766
1767
1768
1768
1770
1771
1771
1772
1772
1772
1773
1775
1775
1777
1777
1777
1779
1781
1783
1784
1787
1788
1789
1789
1789
1791
1792
1792
1793
1793
1798
1799
1800
1800
1800
1803
1803
1804
1805
1812
1815
1815
1815
1816
1817
1820
1822
1822
1824
1825
1825
1827
1827
1827
1828
1829
1830
1830
1831
1832
1832
1832
1832
1833
1838
1839
1840
1840
1841
1843
1844
1847
1849
1849
1854
1857
1857
1858
1859
1860
1860
1860
1860
1861
1862
1863
1864
1865
1867
1867
1871
1872
1873
1873
1874
1874
1874
1874
1879
1881
1882
1882
1883
1884
1886
1887
1888
1888
1888
1889
1890
1894
1895
1896
1896
1897
1897
1898
1899
1902
1904
1906
1906
1906
1908
1909
1909
1909
1910
1910
1911
1912
1913
1913
1915
1916
1917
1917
1918
1918
1919
1920
1920
1921
1922
1923
1923
1923
1925
1926
1928
1928
1931
1932
1932
1938
1940
1940
1940
1943
1944
1944
1946
1948
1954
1955
1956
1957
1959
1959
1960
1961
1962
1962
1965
1966
1966
1966
1967
1968
1968
1968
1970
1970
1971
1972
1973
1973
1973
1974
1975
1975
1975
1978
1980
1984
1985
1985
1987
1987
1987
1989
1990
1990
1990
1993
1996
1998
1999
2001
2002
2002
2003
2003
2004
2004
2006
2007
2007
2008
2008
2008
2008
2009
2009
2009
2009
2011
2011
2012
2013
2014
2015
2015
2016
2017
2017
2022
2023
2023
2025
2026
2026
2027
2028
2030
2031
2033
2034
2034
2035
2035
2036
2036
2037
2038
2038
2038
2040
2040
2040
2042
2043
2043
2043
2044
2047
2049
2049
2053
2055
2055
2059
2060
2060
2062
2064
2065
2065
2065
2065
2066
2066
2066
2067
2067
2069
2069
2070
2073
2073
2073
2075
2075
2077
2077
2078
2079
2079
2080
2080
2080
2081
2081
2081
2082
2085
2086
2086
2088
2088
2089
2090
2091
2092
2095
2096
2099
2102
2102
2103
2104
2105
2106
2106
2107
2108
2108
2109
2109
2109
2110
2111
2111
2112
2115
2115
2116
2116
2118
2118
2119
2120
2120
2120
2120
2121
2123
2123
2125
2126
2127
2129
2130
2131
2133
2134
2134
2135
2136
2140
2140
2141
2142
2143
2143
2144
2145
2146
2147
2147
2147
2147
2148
2149
2149
2150
2150
2150
2151
2151
2151
2153
2154
2155
2156
2156
2157
2157
2158
2159
2161
2162
2162
2162
2165
2165
2167
2169
2169
2170
2170
2172
2172
2176
2178
2178
2179
2182
2182
2182
2185
2186
2187
2188
2188
2188
2190
2190
2191
2191
2192
2194
2195
2196
2199
2199
2200
2201
2201
2204
2204
2205
2205
2205
2207
2207
2208
2208
2208
2209
2210
2211
2211
2211
2211
2212
2215
2215
2217
2218
2219
2219
2220
2221
2223
2225
2225
2229
2229
2229
2230
2230
2231
2234
2235
2238
2239
2239
2239
2240
2240
2241
2242
2243
2244
2244
2244
2246
2246
2247
2249
2249
2249
2250
2251
2251
2251
2252
2253
2255
2256
2260
2260
2260
2262
2263
2263
2265
2265
2266
2267
2267
2268
2269
2271
2271
2274
2274
2275
2275
2278
2278
2279
2280
2280
2281
2281
2282
2282
2282
2285
2286
2287
2287
2287
2290
2290
2290
2291
2292
2294
2295
2296
2297
2297
2298
2298
2298
2298
2299
2299
2299
2300
2302
2303
2304
2304
2304
2306
2307
2307
2309
2309
2310
2311
2315
2316
2317
2318
2321
2322
2322
2325
2325
2325
2326
2326
2327
2329
2329
2331
2332
2332
2333
2333
2334
2335
2336
2336
2337
2338
2339
2341
2342
2344
2345
2346
2346
2350
2350
2351
2353
2355
2355
2356
2356
2356
2359
2360
2362
2362
2363
2363
2364
2364
2365
2366
2366
2366
2367
2367
2368
2369
2370
2370
2371
2371
2372
2373
2374
2374
2375
2375
2376
2376
2377
2377
2378
2380
2384
2384
2385
2387
2388
2388
2388
2389
2389
2390
2390
2390
2393
2394
2396
2396
2396
2397
2397
2398
2400
2402
2402
2403
2406
2407
2407
2408
2410
2410
2410
2411
2412
2414
2414
2415
2417
2418
2418
2419
2421
2422
2422
2423
2423
2423
2424
2424
2425
2425
2426
2426
2426
2427
2427
2428
2428
2429
2430
2431
2432
2432
2432
2432
2432
2433
2433
2437
2437
2438
2438
2438
2439
2439
2440
2440
2443
2444
2446
2447
2448
2449
2450
2451
2452
2452
2454
2454
2454
2455
2456
2456
2458
2459
2461
2461
2463
2463
2463
2464
2464
2466
2467
2469
2471
2471
2471
2472
2472
2473
2473
2475
2476
2478
2478
2478
2481
2481
2482
2483
2484
2484
2486
2487
2489
2490
2491
2493
2493
2495
2495
2496
2497
2498
2502
2505
2506
2507
2510
2510
2512
2512
2513
2514
2514
2515
2515
2516
2518
2519
2522
2524
2524
2524
2526
2527
2527
2528
2529
2530
2530
2530
2530
2531
2532
2533
2533
2534
2535
2536
2537
2538
2539
2541
2541
2541
2542
2543
2544
2545
2546
2547
2547
2548
2550
2551
2552
2552
2552
2553
2554
2555
2557
2557
2557
2558
2558
2559
2560
2561
2564
2566
2566
2567
2567
2567
2568
2569
2570
2571
2571
2572
2572
2573
2574
2577
2577
2578
2580
2581
2581
2581
2583
2586
2586
2587
2588
2589
2590
2590
2590
2590
2591
2591
2591
2591
2594
2594
2595
2598
2599
2600
2601
2601
2601
2607
2608
2608
2610
2612
2612
2612
2613
2614
2614
2614
2614
2615
2616
2619
2620
2620
2623
2624
2624
2624
2624
2625
2626
2628
2628
2629
2631
2631
2633
2634
2638
2638
2638
2638
2641
2641
2643
2644
2644
2644
2644
2645
2647
2647
2648
2650
2654
2654
2655
2656
2656
2658
2658
2664
2665
2667
2668
2668
2670
2671
2671
2672
2673
2673
2674
2675
2675
2676
2677
2678
2679
2679
2682
2682
2683
2683
2684
2684
2685
2685
2686
2689
2689
2690
2690
2690
2690
2692
2693
2693
2694
2694
2695
2695
2695
2696
2697
2697
2700
2701
2703
2703
2705
2705
2706
2706
2709
2709
2711
2712
2712
2713
2714
2715
2716
2718
2718
2719
2720
2722
2724
2725
2726
2727
2729
2729
2730
2732
2732
2732
2732
2733
2733
2734
2735
2735
2736
2736
2737
2739
2740
2742
2743
2744
2744
2746
2746
2748
2748
2749
2749
2749
2749
2750
2750
2751
2751
2751
2752
2754
2754
2755
2755
2756
2757
2758
2758
2760
2760
2760
2763
2766
2766
2767
2768
2768
2768
2769
2769
2772
2772
2774
2774
2775
2776
2779
2779
2779
2779
2780
2780
2781
2783
2784
2785
2785
2787
2788
2788
2791
2792
2794
2794
2794
2795
2796
2796
2798
2799
2802
2803
2804
2806
2806
2808
2809
2810
2813
2814
2816
2819
2821
2821
2821
2824
2826
2829
2829
2830
2833
2834
2834
2834
2835
2836
2836
2837
2838
2841
2842
2843
2843
2844
2845
2847
2848
2849
2850
2850
2851
2851
2853
2854
2855
2855
2855
2855
2859
2859
2860
2862
2865
2867
2868
2869
2869
2871
2872
2874
2877
2877
2879
2879
2880
2880
2882
2884
2885
2886
2887
2887
2889
2890
2891
2892
2893
2893
2893
2897
2897
2899
2901
2902
2903
2903
2904
2908
2909
2910
2910
2910
2911
2913
2916
2917
2919
2920
2920
2922
2922
2923
2924
2924
2925
2925
2926
2927
2928
2929
2929
2930
2930
2931
2931
2932
2932
2935
2937
2940
2940
2941
2942
2943
2943
2944
2945
2947
2947
2947
2948
2949
2949
2950
2952
2953
2954
2955
2956
2956
2957
2957
2958
2958
2959
2959
2960
2960
2960
2961
2961
2961
2965
2969
2969
2970
2971
2972
2973
2976
2983
2983
2983
2986
2986
2987
2989
2990
2990
2990
2992
2992
2992
2992
2992
2993
2994
2997
2997
2998
2998
2999
3000
3000
3003
3003
3006
3006
3007
3007
3008
3009
3009
3009
3011
3012
3012
3012
3013
3015
3017
3017
3017
3019
3019
3023
3024
3028
3031
3031
3033
3033
3034
3035
3036
3037
3038
3038
3038
3039
3039
3043
3044
3045
3048
3049
3049
3050
3051
3052
3052
3054
3057
3057
3058
3061
3065
3066
3066
3067
3068
3070
3070
3072
3074
3075
3078
3079
3079
3081
3082
3086
3087
3087
3088
3089
3090
3092
3092
3093
3094
3096
3096
3098
3098
3099
3099
3100
3101
3101
3101
3103
3104
3106
3106
3107
3108
3109
3110
3112
3112
3115
3115
3115
3116
3116
3116
3116
3116
3117
3118
3119
3120
3120
3121
3122
3122
3122
3124
3125
3126
3126
3127
3128
3129
3129
3130
3130
3131
3132
3132
3133
3134
3134
3134
3137
3138
3139
3140
3140
3142
3144
3145
3147
3148
3149
3149
3150
3152
3153
3153
3154
3155
3156
3158
3159
3161
3161
3161
3162
3163
3164
3166
3167
3167
3168
3170
3171
3171
3171
3171
3173
3175
3176
3176
3178
3178
3178
3179
3181
3183
3184
3186
3187
3187
3188
3189
3192
3192
3193
3194
3195
3198
3198
3198
3198
3199
3201
3201
3205
3207
3207
3208
3209
3209
3210
3214
3215
3215
3217
3217
3220
3220
3220
3221
3221
3222
3223
3223
3224
3226
3229
3231
3234
3234
3235
3237
3237
3240
3240
3241
3243
3246
3246
3248
3251
3252
3253
3254
3257
3257
3258
3259
3259
3261
3262
3264
3266
3266
3267
3268
3268
3269
3270
3271
3271
3271
3271
3272
3274
3275
3276
3279
3282
3283
3285
3286
3286
3286
3287
3289
3290
3291
3293
3295
3295
3297
3297
3301
3302
3302
3303
3304
3307
3308
3310
3312
3312
3312
3313
3313
3313
3313
3313
3315
3315
3316
3316
3317
3320
3321
3322
3323
3323
3324
3326
3327
3327
3328
3328
3329
3330
3330
3331
3332
3334
3334
3335
3336
3337
3337
3338
3338
3339
3340
3340
3341
3343
3344
3347
3347
3348
3349
3349
3350
3350
3351
3351
3352
3352
3352
3353
3355
3356
3357
3358
3358
3363
3363
3365
3366
3367
3369
3369
3370
3370
3373
3373
3373
3374
3377
3380
3380
3381
3381
3382
3383
3383
3383
3384
3386
3387
3387
3391
3392
3392
3393
3393
3394
3396
3397
3400
3402
3402
3402
3403
3403
3406
3406
3408
3412
3414
3414
3414
3416
3416
3416
3417
3418
3419
3419
3420
3422
3423
3423
3424
3424
3426
3426
3427
3428
3431
3433
3435
3435
3435
3437
3437
3437
3441
3443
3444
3445
3445
3446
3447
3448
3448
3449
3449
3449
3450
3451
3452
3452
3453
3454
3456
3456
3457
3461
3462
3463
3463
3463
3464
3465
3465
3466
3470
3470
3470
3471
3474
3476
3477
3479
3481
3482
3485
3487
3487
3487
3488
3488
3488
3489
3489
3490
3490
3491
3495
3498
3498
3499
3501
3506
3506
3508
3508
3509
3510
3512
3513
3513
3513
3514
3515
3515
3516
3517
3518
3519
3519
3519
3521
3522
3523
3524
3524
3525
3525
3525
3526
3526
3526
3527
3527
3528
3528
3532
3533
3533
3533
3534
3535
3536
3536
3543
3545
3549
3549
3549
3549
3551
3551
3551
3552
3552
3555
3558
3560
3561
3562
3564
3565
3565
3566
3567
3567
3567
3567
3571
3572
3572
3572
3573
3574
3575
3576
3577
3577
3578
3578
3580
3581
3583
3584
3584
3585
3585
3586
3587
3587
3588
3588
3590
3590
3590
3591
3592
3593
3594
3595
3596
3598
3598
3599
3599
3599
3599
3602
3602
3603
3604
3604
3605
3607
3607
3607
3608
3608
3609
3609
3610
3611
3612
3612
3613
3613
3615
3616
3616
3617
3617
3617
3618
3618
3620
3622
3622
3625
3627
3628
3631
3633
3635
3635
3635
3637
3637
3640
3640
3644
3646
3646
3647
3648
3651
3651
3651
3651
3652
3652
3655
3657
3659
3660
3660
3660
3660
3663
3664
3665
3665
3665
3666
3666
3666
3666
3667
3669
3669
3670
3670
3671
3671
3675
3676
3676
3679
3679
3682
3683
3683
3684
3684
3686
3687
3688
3688
3692
3692
3693
3695
3699
3700
3701
3702
3704
3706
3707
3707
3708
3708
3708
3708
3709
3709
3710
3711
3711
3711
3713
3715
3715
3716
3717
3717
3718
3720
3723
3724
3725
3725
3726
3727
3730
3730
3730
3730
3730
3732
3733
3736
3737
3738
3738
3740
3741
3741
3741
3742
3743
3744
3744
3745
3745
3746
3747
3747
3748
3748
3750
3751
3751
3751
3753
3756
3756
3756
3758
3758
3759
3760
3760
3761
3762
3762
3765
3765
3769
3769
3769
3770
3773
3773
3776
3777
3777
3777
3777
3777
3780
3781
3781
3783
3785
3786
3786
3788
3789
3790
3791
3791
3792
3794
3796
3797
3797
3798
3799
3800
3800
3801
3802
3805
3805
3806
3806
3807
3808
3809
3809
3811
3812
3815
3816
3817
3817
3818
3818
3818
3820
3820
3820
3821
3821
3822
3823
3823
3824
3825
3825
3825
3827
3828
3829
3829
3831
3831
3833
3833
3836
3838
3838
3838
3838
3839
3842
3843
3843
3844
3845
3846
3846
3847
3847
3848
3849
3850
3850
3851
3853
3856
3857
3857
3858
3859
3859
3859
3860
3860
3860
3861
3861
3863
3863
3863
3864
3866
3867
3868
3868
3869
3870
3870
3871
3871
3873
3874
3874
3875
3876
3877
3879
3879
3880
3880
3881
3881
3882
3883
3884
3885
3886
3888
3888
3890
3891
3892
3893
3895
3897
3904
3905
3905
3905
3906
3909
3910
3911
3912
3914
3915
3916
3918
3919
3919
3921
3922
3927
3927
3929
3929
3930
3931
3932
3934
3934
3936
3938
3939
3940
3940
3941
3942
3943
3943
3944
3945
3945
3946
3951
3952
3953
3955
3955
3956
3958
3959
3959
3960
3961
3961
3966
3966
3967
3968
3970
3970
3971
3971
3972
3972
3973
3974
3975
3978
3978
3978
3979
3980
3980
3980
3981
3981
3983
3983
3983
3984
3985
3986
3989
3990
3993
3993
3994
3995
3996
3998
3999
4000
4001
4001
4002
4002
4002
4003
4005
4006
4006
4008
4008
4010
4012
4013
4015
4016
4017
4017
4019
4019
4019
4020
4022
4022
4022
4023
4024
4026
4027
4027
4028
4029
4031
4031
4032
4033
4033
4035
4035
4036
4036
4036
4037
4037
4039
4039
4039
4039
4040
4042
4046
4046
4046
4047
4047
4049
4050
4051
4052
4052
4052
4052
4053
4053
4053
4053
4054
4054
4055
4056
4056
4057
4060
4061
4061
4062
4064
4064
4064
4065
4066
4068
4069
4069
4069
4070
4072
4074
4074
4075
4076
4078
4078
4079
4081
4082
4082
4084
4084
4085
4086
4087
4087
4089
4089
4091
4092
4092
4094
4095
4095
4098
4103
4103
4105
4106
4107
4108
4108
4109
4109
4110
4115
4116
4120
4123
4124
4128
4129
4129
4129
4130
4131
4131
4131
4131
4131
4133
4133
4134
4134
4134
4135
4135
4137
4137
4138
4139
4140
4141
4142
4143
4147
4147
4149
4149
4150
4152
4155
4160
4160
4161
4162
4162
4162
4163
4164
4165
4167
4168
4168
4170
4171
4179
4181
4181
4182
4182
4183
4183
4186
4186
4186
4187
4187
4188
4189
4191
4191
4192
4194
4194
4196
4197
4199
4199
4200
4202
4203
4204
4205
4206
4206
4207
4209
4209
4210
4212
4212
4213
4214
4214
4217
4218
4218
4218
4221
4222
4222
4224
4226
4226
4227
4227
4227
4228
4228
4228
4230
4231
4231
4232
4232
4232
4233
4233
4234
4235
4236
4236
4237
4237
4238
4243
4245
4246
4247
4247
4248
4250
4251
4253
4253
4253
4255
4258
4258
4259
4261
4262
4264
4265
4266
4266
4268
4269
4270
4270
4271
4271
4272
4273
4274
4275
4277
4279
4280
4281
4282
4284
4285
4286
4286
4288
4290
4290
4291
4292
4292
4292
4293
4293
4293
4295
4297
4302
4302
4303
4304
4305
4306
4307
4307
4309
4311
4313
4315
4315
4316
4317
4318
4319
4319
4319
4321
4321
4321
4321
4322
4323
4325
4325
4326
4326
4328
4329
4329
4331
4331
4332
4333
4333
4333
4335
4335
4335
4335
4337
4339
4339
4339
4340
4342
4344
4345
4346
4347
4347
4349
4350
4350
4352
4353
4355
4356
4357
4357
4358
4359
4360
4361
4362
4362
4362
4362
4363
4363
4365
4365
4366
4367
4368
4368
4371
4371
4373
4374
4377
4377
4378
4379
4381
4382
4382
4383
4386
4388
4389
4391
4394
4394
4395
4395
4396
4398
4398
4399
4400
4400
4401
4402
4403
4403
4403
4404
4405
4406
4409
4412
4415
4415
4416
4418
4419
4420
4421
4422
4423
4423
4423
4424
4425
4426
4426
4429
4431
4433
4433
4434
4436
4437
4437
4439
4439
4442
4442
4444
4448
4448
4450
4450
4453
4453
4454
4455
4456
4457
4460
4460
4461
4463
4466
4466
4466
4467
4468
4469
4469
4473
4473
4473
4474
4476
4478
4480
4480
4481
4481
4481
4483
4484
4485
4485
4485
4486
4487
4488
4488
4488
4489
4489
4489
4489
4490
4491
4491
4492
4492
4493
4493
4493
4498
4499
4500
4500
4500
4501
4503
4503
4503
4504
4505
4506
4506
4506
4509
4510
4510
4511
4512
4512
4514
4515
4516
4516
4517
4517
4519
4519
4521
4521
4522
4522
4523
4524
4524
4525
4525
4527
4527
4529
4529
4529
4530
4530
4531
4531
4535
4535
4541
4542
4543
4544
4545
4546
4547
4549
4549
4549
4550
4552
4556
4556
4558
4558
4559
4559
4560
4561
4562
4563
4570
4570
4570
4571
4572
4572
4576
4576
4576
4576
4577
4578
4578
4579
4579
4580
4580
4581
4583
4584
4586
4586
4591
4591
4596
4596
4597
4598
4598
4598
4600
4600
4601
4601
4602
4603
4604
4604
4604
4604
4605
4607
4607
4610
4611
4614
4616
4617
4618
4619
4622
4623
4623
4624
4624
4624
4625
4626
4627
4627
4629
4631
4631
4632
4633
4634
4634
4635
4635
4637
4638
4638
4640
4640
4641
4642
4645
4645
4646
4646
4648
4656
4658
4661
4662
4663
4663
4664
4664
4666
4666
4666
4667
4668
4668
4668
4669
4669
4670
4671
4672
4672
4673
4674
4677
4678
4679
4679
4683
4684
4686
4686
4688
4689
4691
4693
4695
4695
4695
4699
4700
4700
4701
4702
4702
4702
4704
4704
4705
4705
4705
4707
4707
4707
4708
4709
4709
4711
4711
4712
4713
4714
4714
4715
4716
4718
4719
4719
4720
4720
4720
4722
4723
4723
4723
4725
4726
4726
4727
4728
4728
4729
4731
4732
4732
4732
4733
4735
4736
4737
4738
4738
4739
4741
4742
4745
4746
4748
4749
4749
4750
4751
4753
4753
4754
4754
4755
4756
4758
4759
4761
4762
4763
4763
4763
4763
4764
4764
4765
4765
4766
4766
4768
4768
4768
4770
4772
4772
4773
4773
4774
4774
4776
4777
4777
4778
4778
4778
4779
4779
4780
4780
4781
4786
4787
4788
4788
4788
4789
4790
4790
4791
4791
4791
4792
4793
4794
4795
4796
4796
4797
4797
4798
4798
4799
4799
4800
4802
4802
4803
4803
4805
4805
4806
4807
4808
4810
4810
4811
4812
4813
4814
4814
4815
4815
4816
4817
4819
4821
4822
4823
4823
4825
4827
4827
4829
4830
4831
4833
4834
4835
4836
4838
4838
4838
4838
4840
4841
4842
4842
4843
4844
4845
4845
4847
4849
4849
4849
4850
4851
4851
4851
4852
4852
4854
4855
4855
4856
4856
4857
4858
4859
4860
4861
4861
4862
4862
4863
4863
4864
4867
4871
4872
4872
4872
4873
4874
4874
4877
4878
4878
4878
4879
4880
4880
4880
4881
4881
4884
4885
4885
4885
4885
4886
4886
4887
4888
4888
4888
4889
4889
4891
4892
4894
4895
4895
4895
4896
4897
4897
4898
4900
4903
4903
4903
4904
4906
4907
4908
4908
4909
4910
4912
4912
4913
4913
4917
4917
4920
4921
4921
4923
4923
4924
4924
4926
4928
4929
4929
4930
4930
4931
4931
4931
4932
4932
4933
4933
4933
4934
4935
4935
4936
4936
4939
4940
4941
4941
4942
4942
4943
4943
4944
4944
4944
4944
4945
4945
4950
4952
4953
4953
4954
4955
4955
4957
4958
4958
4958
4961
4961
4964
4964
4964
4965
4965
4966
4968
4969
4971
4973
4974
4974
4975
4975
4975
4975
4976
4977
4978
4979
4981
4982
4983
4984
4985
4985
4987
4988
4988
4988
4988
4991
4993
4993
4994
4995
4995
4995
4997
4999
5001
5002
5003
5004
5004
5006
5008
5008
5008
5008
5008
5009
5009
5009
5009
5013
5014
5020
5021
5022
5023
5024
5025
5027
5027
5027
5027
5029
5029
5029
5031
5031
5032
5033
5033
5033
5034
5037
5037
5042
5043
5044
5044
5045
5045
5045
5046
5046
5049
5050
5051
5052
5052
5053
5053
5054
5054
5055
5055
5055
5056
5058
5060
5061
5062
5065
5065
5067
5068
5070
5070
5071
5073
5073
5073
5075
5075
5075
5078
5080
5081
5082
5083
5086
5088
5089
5091
5091
5092
5094
5094
5094
5096
5097
5097
5097
5098
5098
5099
5101
5101
5101
5103
5103
5103
5104
5105
5105
5108
5109
5109
5110
5110
5110
5111
5111
5112
5112
5114
5114
5114
5115
5116
5117
5117
5117
5118
5118
5119
5119
5121
5122
5123
5124
5125
5126
5126
5129
5129
5130
5131
5131
5132
5132
5132
5135
5137
5141
5142
5142
5143
5143
5146
5147
5148
5149
5149
5149
5151
5153
5154
5155
5156
5156
5156
5160
5162
5162
5163
5163
5164
5165
5166
5166
5168
5168
5168
5169
5169
5173
5173
5174
5175
5175
5175
5176
5177
5177
5178
5180
5180
5182
5183
5188
5188
5190
5190
5192
5193
5194
5195
5195
5197
5197
5199
5200
5201
5201
5201
5201
5201
5201
5202
5202
5203
5203
5204
5204
5206
5206
5206
5209
5209
5210
5210
5210
5211
5214
5214
5217
5217
5217
5218
5218
5222
5224
5226
5226
5227
5228
5229
5231
5232
5233
5234
5236
5236
5237
5238
5238
5240
5240
5242
5245
5245
5246
5247
5247
5249
5250
5252
5252
5253
5254
5256
5256
5258
5258
5259
5260
5260
5261
5262
5266
5267
5267
5268
5268
5270
5270
5272
5273
5275
5276
5277
5277
5277
5278
5280
5280
5280
5281
5282
5284
5286
5286
5287
5289
5289
5289
5290
5292
5294
5298
5298
5298
5298
5299
5299
5299
5303
5304
5305
5306
5306
5306
5307
5307
5307
5307
5307
5310
5310
5311
5313
5314
5315
5315
5315
5316
5318
5318
5318
5319
5319
5320
5321
5322
5322
5325
5325
5325
5326
5327
5327
5328
5329
5329
5330
5330
5331
5332
5333
5335
5335
5336
5336
5336
5338
5340
5342
5342
5343
5343
5343
5344
5345
5346
5348
5349
5349
5349
5350
5350
5351
5352
5354
5357
5358
5358
5358
5361
5362
5364
5365
5365
5367
5368
5368
5368
5369
5369
5370
5372
5372
5373
5376
5376
5376
5376
5377
5380
5386
5386
5387
5387
5388
5389
5390
5391
5391
5392
5393
5393
5394
5396
5396
5397
5397
5398
5398
5398
5402
5402
5402
5404
5405
5405
5407
5408
5408
5409
5409
5410
5410
5410
5410
5411
5412
5412
5412
5414
5415
5416
5416
5416
5417
5417
5417
5418
5418
5420
5420
5420
5421
5421
5422
5423
5423
5425
5425
5426
5426
5429
5430
5431
5433
5435
5436
5436
5437
5438
5439
5439
5440
5445
5446
5446
5446
5446
5449
5449
5451
5452
5458
5458
5460
5461
5461
5464
5465
5465
5465
5465
5466
5466
5467
5467
5468
5469
5470
5473
5479
5481
5481
5484
5485
5485
5487
5489
5489
5490
5491
5491
5494
5495
5495
5496
5496
5496
5499
5501
5502
5504
5505
5506
5507
5507
5510
5510
5512
5513
5514
5515
5515
5518
5520
5520
5520
5521
5521
5522
5522
5523
5523
5524
5525
5526
5526
5527
5528
5531
5533
5533
5534
5536
5538
5538
5538
5539
5541
5542
5543
5543
5545
5545
5546
5546
5546
5547
5547
5547
5547
5548
5548
5548
5548
5550
5551
5551
5551
5552
5553
5554
5555
5557
5557
5557
5558
5559
5561
5561
5562
5562
5563
5563
5564
5566
5567
5570
5570
5571
5571
5571
5572
5573
5576
5576
5577
5579
5580
5581
5581
5583
5584
5584
5584
5584
5585
5588
5589
5590
5590
5591
5592
5593
5593
5593
5594
5595
5597
5600
5601
5601
5603
5604
5604
5605
5606
5609
5611
5612
5612
5613
5614
5616
5617
5617
5619
5619
5619
5620
5624
5625
5625
5627
5628
5630
5630
5630
5630
5631
5632
5633
5634
5635
5635
5636
5636
5636
5638
5640
5640
5641
5641
5642
5642
5643
5643
5644
5645
5645
5646
5647
5651
5653
5653
5654
5654
5655
5656
5656
5657
5657
5659
5665
5665
5666
5667
5667
5667
5670
5671
5671
5671
5672
5673
5675
5675
5677
5677
5679
5679
5680
5680
5680
5680
5682
5684
5684
5684
5684
5684
5685
5687
5688
5690
5691
5694
5696
5697
5697
5699
5699
5701
5701
5702
5707
5711
5712
5712
5712
5712
5713
5714
5714
5716
5717
5718
5719
5721
5723
5724
5725
5725
5725
5726
5726
5726
5727
5727
5729
5730
5731
5732
5732
5733
5734
5734
5735
5735
5736
5737
5737
5738
5738
5739
5740
5741
5741
5742
5742
5744
5744
5744
5746
5746
5746
5750
5750
5751
5751
5751
5751
5752
5752
5754
5754
5755
5755
5757
5761
5763
5763
5764
5764
5765
5766
5766
5767
5767
5767
5767
5768
5768
5770
5771
5771
5772
5772
5773
5774
5774
5774
5775
5778
5779
5781
5781
5782
5783
5783
5784
5786
5787
5787
5788
5789
5790
5790
5792
5793
5795
5795
5796
5798
5799
5800
5800
5801
5802
5802
5803
5803
5807
5808
5808
5816
5817
5818
5821
5822
5822
5822
5822
5825
5826
5826
5826
5828
5829
5830
5830
5831
5831
5831
5832
5837
5839
5840
5841
5841
5842
5843
5843
5844
5844
5845
5845
5846
5846
5847
5851
5851
5852
5853
5854
5854
5857
5858
5858
5859
5859
5859
5859
5860
5861
5863
5863
5867
5867
5869
5870
5871
5872
5872
5872
5873
5875
5876
5877
5878
5878
5879
5880
5881
5883
5883
5885
5886
5886
5887
5889
5891
5891
5892
5894
5895
5896
5897
5897
5897
5899
5901
5903
5903
5904
5906
5909
5912
5914
5915
5915
5915
5917
5918
5919
5920
5924
5924
5925
5926
5927
5927
5927
5928
5928
5928
5928
5929
5929
5929
5929
5931
5933
5933
5934
5934
5936
5937
5937
5939
5939
5941
5942
5944
5944
5944
5945
5946
5947
5948
5948
5948
5951
5951
5952
5953
5954
5954
5956
5956
5959
5960
5961
5962
5962
5964
5965
5965
5969
5972
5973
5973
5977
5977
5978
5978
5978
5979
5981
5981
5982
5984
5984
5985
5985
5985
5987
5988
5988
5988
5989
5990
5992
5993
5994
5995
5995
5996
5997
5999
6002
6003
6006
6006
6007
6007
6008
6008
6008
6009
6010
6010
6011
6011
6012
6014
6015
6016
6016
6022
6024
6025
6025
6026
6028
6030
6030
6031
6031
6033
6034
6035
6035
6035
6035
6036
6037
6041
6041
6043
6044
6044
6045
6045
6047
6050
6050
6051
6052
6053
6053
6055
6057
6057
6058
6059
6062
6064
6065
6065
6066
6066
6067
6067
6068
6069
6071
6074
6075
6078
6082
6082
6083
6084
6085
6086
6086
6087
6087
6088
6089
6090
6090
6090
6091
6092
6095
6096
6096
6096
6099
6099
6100
6101
6102
6103
6103
6105
6107
6108
6108
6110
6111
6112
6112
6112
6116
6116
6117
6120
6121
6121
6121
6122
6124
6124
6125
6126
6128
6130
6132
6132
6135
6135
6138
6139
6140
6140
6142
6144
6144
6145
6147
6149
6150
6150
6150
6151
6151
6154
6157
6160
6160
6160
6162
6165
6165
6166
6166
6167
6167
6168
6168
6168
6169
6170
6171
6172
6173
6174
6175
6176
6176
6177
6177
6177
6179
6180
6181
6181
6181
6182
6184
6187
6187
6188
6188
6189
6190
6195
6195
6197
6198
6200
6201
6202
6204
6205
6206
6206
6206
6208
6209
6210
6210
6211
6211
6211
6213
6214
6215
6216
6217
6220
6221
6221
6222
6223
6225
6225
6227
6228
6229
6229
6231
6232
6233
6233
6234
6234
6237
6237
6237
6239
6239
6242
6242
6243
6244
6247
6248
6248
6248
6251
6252
6252
6253
6253
6255
6255
6255
6256
6258
6259
6259
6261
6263
6265
6265
6266
6266
6267
6269
6270
6270
6271
6271
6271
6272
6272
6272
6275
6280
6281
6282
6285
6285
6285
6288
6288
6289
6289
6291
6291
6292
6292
6294
6294
6294
6296
6298
6298
6300
6300
6301
6302
6302
6303
6304
6304
6304
6305
6305
6308
6309
6309
6310
6310
6310
6313
6313
6316
6317
6318
6319
6320
6323
6323
6323
6324
6324
6325
6327
6328
6330
6335
6335
6335
6336
6338
6338
6338
6339
6341
6342
6342
6343
6344
6345
6346
6346
6346
6347
6348
6349
6350
6350
6351
6352
6352
6355
6356
6357
6357
6359
6359
6360
6361
6363
6364
6366
6366
6367
6368
6368
6369
6369
6370
6370
6370
6372
6373
6374
6375
6376
6377
6378
6378
6379
6379
6380
6381
6381
6381
6381
6384
6385
6385
6387
6387
6388
6388
6388
6389
6393
6393
6394
6394
6395
6397
6398
6398
6399
6399
6401
6403
6403
6403
6404
6406
6407
6407
6408
6409
6409
6410
6414
6415
6416
6417
6417
6418
6419
6421
6421
6422
6423
6424
6425
6425
6425
6425
6427
6428
6428
6428
6428
6430
6430
6433
6434
6434
6435
6435
6436
6437
6437
6437
6438
6438
6439
6441
6441
6442
6443
6446
6446
6447
6447
6447
6448
6449
6450
6451
6455
6455
6458
6459
6459
6460
6460
6462
6463
6464
6464
6464
6466
6467
6468
6468
6468
6469
6469
6470
6470
6470
6470
6471
6472
6472
6473
6474
6479
6480
6480
6481
6481
6484
6485
6485
6491
6491
6492
6497
6499
6501
6502
6502
6502
6504
6506
6506
6508
6508
6508
6509
6514
6514
6518
6518
6518
6519
6520
6521
6522
6524
6524
6524
6524
6525
6525
6527
6527
6527
6528
6528
6529
6530
6534
6534
6536
6536
6536
6537
6538
6541
6545
6545
6546
6546
6549
6550
6552
6553
6553
6555
6556
6558
6558
6559
6560
6560
6560
6561
6562
6563
6563
6564
6567
6568
6569
6570
6571
6572
6573
6573
6574
6578
6580
6583
6584
6585
6585
6586
6586
6587
6587
6588
6591
6592
6593
6594
6594
6594
6595
6596
6596
6596
6598
6599
6601
6602
6604
6604
6605
6607
6607
6609
6609
6610
6610
6612
6618
6618
6620
6621
6624
6625
6627
6628
6630
6631
6634
6638
6638
6639
6640
6641
6641
6641
6642
6642
6643
6644
6645
6647
6648
6649
6649
6651
6651
6652
6653
6655
6655
6656
6660
6661
6661
6663
6665
6666
6666
6668
6669
6669
6669
6672
6672
6673
6673
6674
6674
6676
6677
6680
6680
6680
6681
6681
6684
6685
6685
6685
6686
6686
6686
6688
6689
6690
6690
6691
6691
6692
6692
6693
6693
6695
6700
6702
6703
6704
6705
6705
6706
6706
6706
6706
6707
6709
6710
6711
6711
6711
6714
6714
6714
6715
6715
6718
6718
6719
6719
6723
6723
6727
6727
6728
6729
6729
6729
6730
6731
6731
6731
6731
6732
6734
6736
6737
6738
6739
6739
6740
6741
6741
6742
6743
6743
6744
6746
6749
6749
6749
6751
6751
6752
6753
6754
6756
6756
6756
6757
6757
6759
6759
6760
6760
6760
6760
6763
6763
6764
6765
6765
6767
6768
6769
6770
6770
6773
6776
6778
6779
6779
6780
6780
6780
6781
6784
6785
6786
6786
6786
6787
6787
6787
6788
6790
6790
6791
6793
6796
6797
6800
6801
6801
6803
6803
6805
6805
6806
6810
6812
6812
6813
6814
6815
6815
6815
6817
6818
6819
6819
6819
6820
6820
6821
6821
6827
6827
6828
6829
6829
6829
6830
6834
6834
6835
6836
6837
6837
6839
6842
6843
6846
6848
6848
6850
6850
6850
6850
6850
6853
6853
6857
6859
6860
6860
6861
6861
6863
6863
6863
6864
6864
6865
6866
6868
6868
6868
6870
6870
6872
6873
6873
6874
6874
6878
6878
6879
6879
6879
6879
6880
6880
6880
6881
6881
6881
6882
6884
6884
6885
6885
6885
6886
6887
6887
6887
6887
6890
6892
6897
6898
6901
6901
6902
6902
6904
6905
6905
6906
6906
6906
6906
6908
6911
6912
6913
6913
6914
6914
6914
6916
6916
6916
6920
6921
6921
6922
6922
6923
6924
6925
6926
6927
6927
6928
6929
6930
6933
6933
6933
6936
6936
6936
6939
6941
6943
6943
6946
6947
6948
6948
6949
6949
6950
6954
6954
6956
6958
6960
6961
6962
6962
6963
6963
6963
6963
6968
6969
6977
6977
6977
6977
6980
6981
6981
6988
6988
6989
6990
6990
6990
6991
6992
6993
6993
6994
6996
6996
6997
6997
6997
7001
7002
7003
7004
7004
7006
7008
7008
7009
7010
7011
7012
7014
7017
7017
7018
7018
7020
7021
7022
7024
7026
7028
7028
7029
7030
7032
7032
7034
7034
7035
7035
7037
7039
7039
7040
7041
7043
7043
7044
7046
7047
7048
7048
7052
7053
7053
7055
7055
7055
7055
7056
7058
7059
7061
7061
7061
7061
7061
7062
7062
7066
7066
7069
7070
7071
7073
7073
7074
7074
7075
7075
7077
7078
7079
7080
7080
7080
7082
7084
7085
7086
7086
7087
7089
7091
7092
7093
7094
7094
7097
7097
7098
7099
7100
7101
7101
7101
7102
7102
7103
7103
7104
7107
7108
7108
7109
7110
7110
7112
7112
7112
7113
7113
7118
7118
7118
7119
7119
7120
7121
7122
7122
7123
7123
7126
7127
7133
7134
7134
7135
7136
7136
7136
7137
7137
7138
7139
7140
7140
7140
7141
7143
7143
7143
7144
7145
7145
7146
7147
7147
7147
7147
7152
7154
7156
7157
7157
7157
7157
7158
7159
7160
7160
7160
7161
7161
7162
7168
7170
7171
7172
7173
7173
7174
7174
7174
7174
7176
7176
7178
7178
7179
7179
7181
7182
7183
7184
7184
7184
7186
7186
7187
7189
7191
7191
7192
7192
7192
7192
7193
7193
7195
7196
7196
7196
7196
7197
7197
7198
7198
7199
7199
7199
7200
7202
7203
7207
7208
7210
7211
7212
7212
7212
7218
7220
7221
7222
7223
7223
7224
7226
7226
7226
7227
7227
7227
7228
7228
7229
7230
7231
7232
7232
7233
7234
7234
7234
7236
7236
7238
7241
7241
7241
7241
7243
7244
7244
7244
7245
7245
7245
7246
7246
7246
7248
7248
7250
7251
7251
7254
7255
7256
7256
7256
7257
7257
7257
7258
7260
7263
7263
7263
7264
7266
7267
7267
7268
7269
7270
7270
7271
7272
7274
7275
7277
7279
7280
7280
7287
7288
7289
7289
7291
7292
7293
7294
7294
7294
7296
7297
7298
7301
7301
7302
7302
7306
7306
7306
7307
7308
7309
7311
7311
7312
7314
7315
7315
7317
7318
7318
7319
7320
7321
7323
7324
7324
7325
7328
7328
7333
7334
7335
7335
7337
7337
7339
7340
7341
7344
7345
7349
7351
7352
7352
7352
7353
7354
7354
7358
7360
7360
7361
7361
7362
7363
7364
7364
7365
7366
7368
7368
7368
7370
7373
7374
7376
7377
7377
7379
7379
7380
7380
7380
7381
7381
7381
7383
7384
7385
7385
7386
7386
7386
7388
7388
7388
7389
7389
7389
7390
7391
7392
7392
7394
7395
7396
7396
7396
7398
7402
7402
7403
7403
7404
7406
7408
7409
7411
7411
7411
7412
7412
7414
7414
7415
7416
7416
7416
7417
7417
7419
7421
7421
7421
7423
7423
7424
7424
7426
7429
7429
7430
7432
7432
7433
7434
7438
7438
7439
7441
7442
7442
7442
7443
7444
7446
7448
7450
7452
7452
7452
7453
7454
7455
7456
7458
7459
7460
7460
7461
7463
7463
7464
7465
7472
7472
7474
7474
7475
7478
7479
7480
7480
7481
7481
7481
7481
7481
7483
7484
7485
7486
7487
7488
7488
7490
7491
7492
7494
7496
7497
7498
7498
7499
7499
7500
7500
7500
7501
7501
7502
7502
7502
7503
7504
7504
7505
7505
7507
7510
7516
7516
7517
7517
7517
7519
7519
7522
7522
7524
7525
7526
7527
7528
7530
7530
7533
7533
7534
7535
7536
7538
7538
7539
7541
7541
7544
7544
7544
7546
7548
7549
7549
7550
7552
7553
7554
7555
7557
7558
7558
7558
7559
7561
7563
7564
7564
7565
7566
7567
7568
7569
7569
7570
7570
7572
7572
7572
7573
7574
7578
7582
7585
7585
7586
7588
7589
7591
7591
7592
7595
7595
7596
7597
7598
7599
7600
7601
7602
7603
7604
7605
7606
7608
7608
7608
7610
7611
7612
7612
7612
7613
7613
7613
7615
7617
7617
7617
7618
7619
7620
7620
7624
7626
7626
7628
7628
7629
7632
7634
7635
7636
7637
7637
7638
7638
7638
7638
7639
7642
7645
7646
7646
7646
7648
7648
7649
7649
7651
7652
7652
7654
7656
7660
7661
7662
7664
7666
7668
7670
7671
7674
7675
7676
7677
7679
7679
7680
7682
7683
7685
7685
7689
7692
7694
7696
7696
7697
7697
7699
7702
7703
7704
7704
7705
7706
7708
7709
7709
7710
7710
7710
7712
7712
7713
7713
7716
7716
7718
7718
7719
7721
7721
7722
7722
7724
7725
7725
7730
7731
7731
7734
7734
7735
7736
7740
7740
7741
7742
7742
7743
7744
7744
7745
7747
7747
7748
7749
7749
7749
7749
7750
7751
7753
7753
7753
7754
7754
7754
7755
7756
7757
7758
7759
7762
7763
7763
7764
7766
7768
7769
7769
7769
7769
7771
7771
7772
7772
7774
7776
7776
7777
7779
7780
7782
7782
7782
7785
7786
7787
7787
7790
7791
7794
7794
7798
7799
7800
7802
7803
7805
7805
7807
7808
7809
7809
7809
7810
7810
7811
7815
7816
7816
7817
7817
7817
7818
7820
7822
7823
7823
7824
7825
7826
7828
7829
7831
7832
7833
7835
7836
7837
7840
7842
7843
7843
7846
7847
7848
7848
7849
7850
7851
7853
7854
7854
7856
7858
7858
7860
7861
7863
7863
7863
7864
7865
7866
7866
7866
7868
7868
7869
7869
7871
7873
7873
7873
7873
7874
7874
7875
7875
7876
7876
7879
7880
7881
7882
7885
7886
7888
7890
7890
7891
7891
7893
7893
7894
7894
7895
7895
7896
7896
7896
7896
7898
7898
7898
7899
7899
7901
7902
7902
7903
7903
7905
7906
7906
7907
7909
7909
7910
7911
7911
7912
7913
7914
7915
7915
7915
7915
7915
7916
7918
7919
7919
7919
7921
7922
7922
7922
7924
7924
7925
7926
7928
7929
7929
7929
7930
7931
7931
7933
7933
7934
7935
7936
7936
7936
7936
7937
7938
7940
7941
7941
7943
7945
7945
7945
7946
7947
7948
7949
7951
7953
7955
7955
7956
7956
7957
7958
7958
7958
7959
7960
7960
7960
7960
7960
7961
7962
7963
7964
7965
7965
7966
7968
7968
7971
7973
7974
7974
7974
7975
7979
7979
7981
7981
7982
7986
7986
7986
7986
7987
7987
7988
7988
7988
7988
7989
7990
7991
7992
7992
7992
7993
7994
7994
7994
7994
7995
7996
7996
7997
7999
8000
8000
8003
8003
8005
8005
8008
8008
8009
8011
8013
8015
8016
8016
8017
8017
8018
8020
8020
8023
8024
8025
8026
8028
8029
8030
8031
8032
8033
8034
8037
8037
8038
8038
8041
8041
8043
8045
8045
8047
8047
8047
8048
8050
8051
8052
8053
8053
8054
8055
8055
8056
8056
8059
8060
8060
8061
8061
8062
8064
8067
8069
8072
8072
8072
8074
8076
8078
8079
8079
8081
8081
8081
8081
8082
8082
8083
8085
8085
8088
8088
8090
8090
8090
8091
8091
8093
8093
8094
8094
8094
8097
8099
8099
8101
8102
8103
8104
8104
8104
8104
8104
8106
8107
8107
8107
8110
8110
8111
8114
8114
8115
8115
8116
8116
8117
8117
8118
8118
8120
8120
8121
8122
8123
8124
8125
8125
8126
8126
8126
8127
8128
8129
8130
8132
8132
8133
8133
8136
8136
8137
8138
8139
8139
8139
8139
8140
8140
8140
8141
8142
8142
8144
8149
8150
8150
8150
8151
8151
8153
8154
8154
8155
8157
8157
8162
8162
8163
8165
8166
8169
8170
8173
8173
8177
8177
8178
8179
8179
8180
8180
8180
8181
8181
8183
8184
8184
8184
8187
8189
8190
8194
8196
8197
8203
8203
8206
8206
8208
8211
8211
8212
8212
8213
8213
8214
8215
8215
8218
8221
8223
8224
8224
8225
8229
8231
8232
8234
8235
8237
8237
8238
8238
8239
8240
8241
8242
8242
8245
8245
8246
8246
8247
8247
8248
8248
8252
8253
8258
8258
8259
8259
8263
8266
8269
8269
8269
8270
8271
8275
8275
8276
8276
8276
8282
8285
8285
8286
8288
8289
8289
8290
8290
8293
8293
8293
8294
8294
8295
8296
8296
8297
8298
8299
8299
8300
8301
8302
8303
8304
8304
8304
8305
8306
8306
8307
8307
8308
8308
8309
8310
8310
8311
8311
8313
8313
8314
8315
8316
8317
8318
8318
8318
8319
8321
8323
8323
8323
8324
8332
8333
8334
8334
8334
8334
8336
8337
8337
8338
8339
8339
8339
8342
8343
8345
8346
8348
8348
8350
8351
8351
8351
8352
8354
8354
8354
8356
8356
8357
8360
8361
8361
8362
8363
8363
8365
8365
8365
8366
8367
8370
8370
8371
8373
8373
8374
8374
8376
8376
8376
8377
8377
8378
8378
8378
8379
8379
8379
8381
8383
8383
8383
8386
8386
8387
8388
8389
8389
8390
8391
8391
8392
8393
8393
8393
8396
8396
8396
8398
8399
8401
8404
8405
8405
8407
8408
8408
8411
8411
8412
8413
8414
8415
8417
8419
8420
8423
8423
8424
8424
8424
8426
8426
8426
8428
8428
8430
8430
8430
8431
8432
8435
8436
8436
8436
8436
8437
8438
8439
8440
8440
8441
8441
8442
8448
8450
8451
8451
8452
8452
8453
8455
8456
8457
8458
8458
8458
8459
8459
8460
8462
8462
8463
8464
8464
8466
8467
8467
8467
8468
8469
8474
8476
8479
8479
8479
8479
8481
8482
8483
8483
8484
8484
8487
8487
8487
8487
8489
8492
8492
8493
8493
8495
8498
8499
8500
8501
8501
8504
8506
8506
8506
8506
8507
8509
8510
8511
8511
8513
8514
8515
8517
8517
8518
8519
8521
8522
8522
8522
8524
8525
8525
8525
8527
8530
8530
8531
8532
8532
8533
8533
8533
8534
8534
8537
8537
8539
8540
8543
8543
8544
8544
8546
8546
8546
8550
8551
8552
8552
8554
8556
8556
8557
8557
8558
8560
8562
8563
8563
8567
8568
8568
8570
8571
8572
8572
8572
8573
8578
8579
8579
8581
8581
8581
8582
8582
8583
8584
8584
8584
8585
8587
8587
8587
8587
8588
8588
8588
8589
8590
8591
8591
8593
8594
8594
8595
8595
8596
8597
8600
8600
8602
8604
8604
8607
8607
8608
8611
8612
8612
8614
8615
8615
8616
8617
8617
8619
8620
8621
8624
8625
8626
8628
8629
8629
8631
8631
8632
8633
8634
8635
8637
8637
8642
8643
8643
8644
8644
8644
8646
8646
8649
8649
8650
8651
8651
8653
8654
8655
8657
8658
8661
8662
8662
8663
8666
8670
8670
8671
8672
8674
8674
8676
8676
8678
8678
8679
8680
8682
8682
8683
8683
8683
8683
8683
8684
8684
8686
8687
8688
8691
8692
8692
8692
8692
8694
8701
8702
8702
8703
8704
8704
8704
8705
8705
8707
8709
8709
8711
8712
8712
8716
8717
8719
8720
8721
8722
8724
8726
8726
8726
8728
8729
8731
8732
8732
8737
8738
8738
8741
8741
8742
8743
8744
8744
8744
8745
8747
8748
8748
8749
8750
8752
8754
8756
8757
8759
8762
8764
8766
8768
8769
8771
8772
8773
8775
8776
8777
8778
8778
8780
8780
8784
8785
8785
8786
8787
8787
8789
8791
8791
8791
8791
8795
8795
8798
8799
8800
8804
8805
8805
8807
8811
8811
8812
8812
8813
8813
8814
8814
8816
8816
8816
8817
8817
8817
8818
8818
8820
8821
8823
8824
8824
8825
8827
8828
8829
8830
8832
8833
8834
8835
8836
8837
8838
8838
8839
8840
8841
8842
8844
8845
8847
8849
8850
8850
8851
8852
8852
8852
8853
8854
8855
8855
8857
8859
8859
8859
8860
8861
8864
8865
8866
8868
8868
8868
8869
8872
8873
8873
8875
8879
8880
8881
8882
8883
8885
8887
8887
8888
8889
8890
8891
8892
8892
8893
8894
8894
8894
8894
8895
8895
8895
8895
8896
8898
8898
8898
8898
8899
8899
8901
8901
8902
8904
8905
8905
8907
8913
8914
8918
8918
8919
8919
8921
8921
8924
8925
8927
8927
8928
8929
8930
8931
8932
8932
8933
8935
8937
8937
8937
8939
8939
8940
8940
8942
8944
8945
8947
8947
8948
8949
8951
8952
8953
8953
8954
8954
8958
8959
8959
8959
8959
8960
8961
8961
8962
8963
8964
8964
8965
8968
8969
8971
8972
8974
8976
8978
8979
8980
8981
8982
8982
8983
8984
8985
8985
8985
8986
8987
8988
8989
8991
8992
8992
8992
8992
8993
8994
8995
8996
8997
8997
8998
8998
8998
8999
9001
9004
9004
9005
9007
9007
9007
9007
9008
9009
9010
9010
9010
9011
9011
9011
9012
9012
9012
9013
9013
9014
9015
9016
9017
9018
9020
9021
9022
9024
9026
9029
9030
9032
9032
9036
9038
9038
9038
9039
9039
9040
9042
9043
9045
9046
9048
9048
9048
9048
9049
9050
9051
9051
9052
9052
9052
9053
9055
9058
9058
9059
9061
9061
9062
9064
9064
9065
9065
9066
9067
9068
9068
9069
9074
9075
9080
9081
9081
9083
9084
9087
9088
9088
9089
9091
9093
9093
9093
9096
9098
9099
9100
9101
9103
9105
9106
9107
9109
9111
9112
9112
9113
9114
9114
9114
9115
9117
9117
9118
9119
9119
9120
9120
9120
9120
9120
9121
9123
9123
9124
9125
9126
9126
9127
9128
9131
9131
9138
9139
9139
9141
9143
9145
9145
9146
9146
9148
9148
9152
9153
9153
9154
9154
9154
9154
9156
9156
9158
9158
9159
9161
9161
9162
9162
9164
9166
9166
9168
9168
9168
9171
9171
9174
9174
9175
9175
9175
9176
9180
9181
9181
9183
9184
9186
9186
9188
9188
9188
9189
9190
9191
9191
9192
9196
9199
9199
9200
9201
9203
9204
9205
9206
9210
9211
9212
9212
9213
9213
9214
9215
9215
9215
9218
9218
9219
9219
9219
9219
9220
9221
9222
9224
9226
9227
9227
9227
9228
9229
9229
9232
9232
9232
9232
9233
9235
9238
9238
9239
9239
9241
9242
9244
9244
9244
9250
9250
9251
9254
9254
9254
9256
9257
9261
9262
9263
9263
9264
9265
9266
9267
9268
9268
9270
9270
9271
9272
9274
9275
9275
9275
9279
9280
9281
9281
9282
9283
9285
9286
9290
9290
9293
9295
9295
9300
9301
9302
9303
9303
9304
9307
9308
9309
9309
9309
9310
9311
9314
9315
9316
9317
9318
9318
9319
9322
9323
9323
9324
9325
9327
9328
9329
9331
9331
9332
9335
9337
9339
9342
9343
9344
9344
9346
9348
9350
9351
9351
9354
9354
9355
9355
9356
9356
9357
9360
9363
9363
9363
9366
9366
9367
9370
9371
9371
9374
9374
9375
9376
9376
9377
9380
9381
9381
9383
9383
9383
9383
9384
9386
9387
9387
9388
9391
9391
9392
9392
9394
9394
9394
9395
9395
9395
9396
9396
9397
9397
9398
9398
9399
9400
9400
9400
9401
9402
9403
9404
9404
9405
9407
9408
9411
9412
9412
9413
9413
9414
9416
9417
9418
9419
9425
9425
9426
9426
9427
9428
9430
9430
9430
9433
9433
9435
9436
9436
9437
9438
9440
9441
9441
9442
9445
9445
9445
9446
9446
9446
9448
9448
9449
9449
9451
9451
9451
9452
9455
9455
9456
9457
9457
9459
9459
9460
9463
9463
9463
9464
9465
9465
9468
9468
9468
9468
9469
9469
9470
9470
9474
9474
9474
9475
9477
9477
9478
9479
9480
9481
9484
9484
9484
9486
9490
9496
9498
9498
9499
9501
9502
9502
9503
9503
9503
9506
9508
9509
9510
9510
9511
9511
9512
9512
9512
9513
9514
9515
9515
9516
9517
9517
9517
9518
9519
9521
9525
9526
9528
9528
9529
9530
9531
9532
9532
9532
9534
9535
9536
9536
9536
9538
9539
9541
9542
9543
9546
9546
9547
9547
9549
9551
9552
9552
9552
9552
9552
9552
9553
9553
9554
9555
9558
9559
9561
9561
9562
9563
9564
9564
9565
9566
9566
9566
9568
9570
9571
9572
9572
9574
9576
9577
9579
9582
9583
9586
9586
9589
9589
9590
9591
9591
9592
9595
9597
9598
9599
9599
9600
9602
9603
9603
9604
9605
9605
9610
9610
9610
9612
9613
9614
9615
9615
9615
9616
9620
9623
9623
9624
9625
9625
9628
9628
9631
9631
9631
9632
9633
9633
9634
9635
9635
9636
9636
9640
9642
9644
9644
9646
9647
9648
9649
9651
9651
9654
9655
9655
9655
9655
9656
9656
9660
9660
9661
9662
9664
9664
9665
9667
9669
9670
9671
9672
9674
9676
9676
9677
9679
9680
9680
9681
9681
9681
9682
9682
9683
9683
9683
9684
9684
9685
9686
9687
9687
9687
9687
9688
9688
9689
9691
9692
9694
9696
9696
9698
9699
9700
9700
9702
9708
9709
9709
9709
9710
9712
9712
9712
9713
9713
9714
9715
9715
9718
9719
9719
9722
9723
9723
9724
9724
9725
9726
9727
9728
9729
9732
9732
9733
9734
9736
9737
9737
9738
9738
9739
9740
9741
9741
9741
9742
9744
9745
9746
9748
9748
9749
9749
9750
9750
9750
9752
9753
9757
9761
9762
9763
9764
9765
9769
9769
9770
9770
9772
9774
9774
9778
9780
9781
9782
9784
9784
9785
9786
9788
9789
9792
9793
9794
9795
9797
9800
9802
9802
9802
9805
9805
9805
9807
9807
9809
9811
9811
9811
9812
9813
9813
9815
9815
9816
9816
9816
9817
9818
9818
9819
9821
9822
9823
9825
9826
9827
9827
9829
9829
9834
9834
9835
9836
9837
9837
9840
9842
9843
9844
9844
9844
9848
9848
9849
9850
9851
9851
9851
9852
9852
9855
9857
9857
9858
9858
9859
9859
9860
9860
9860
9861
9862
9863
9863
9866
9866
9867
9867
9870
9870
9870
9873
9873
9874
9876
9876
9877
9878
9878
9880
9881
9882
9883
9883
9883
9885
9886
9888
9889
9889
9889
9890
9890
9891
9892
9893
9894
9895
9896
9897
9898
9898
9898
9900
9900
9901
9901
9902
9902
9903
9904
9905
9906
9906
9907
9907
9908
9910
9910
9911
9912
9913
9914
9915
9916
9918
9918
9921
9921
9922
9924
9924
9924
9924
9925
9925
9926
9927
9927
9928
9928
9929
9930
9931
9934
9935
9936
9937
9938
9940
9941
9941
9941
9942
9948
9949
9950
9951
9951
9952
9953
9953
9953
9954
9955
9956
9961
9965
9967
9969
9971
9971
9974
9974
9975
9975
9978
9978
9980
9981
9982
9982
9984
9987
9989
9989
9989
9989
9990
9990
9991
9992
9995
9996
9996
9997
9998
9998
10000